mut	total_n_2323	pre_treatment_n_1952	treatment_experienced_n_371
inT97A	257	218	39
rtK103N	203	94	109
rtM184V	161	25	136
rtE138A	98	83	15
rtY181C	77	15	62
rtG190A	74	22	52
rtM41L	71	49	22
rtK101E	64	25	39
prL33F	61	53	8
rtK65R	60	14	46
rtV108I	45	19	26
rtN348I	39	11	28
rtK70R	38	13	25
rtK219E	34	9	25
rtD67N	33	12	21
rtH221Y	33	7	26
rtV106I	31	27	4
prV32I	31	26	5
inE157Q	28	23	5
rtA98G	28	12	16
rtV179D	26	22	4
rtP225H	25	3	22
rtM184I	24	8	16
rtE138G	22	15	7
rtT215F	21	3	18
rtE138K	20	19	1
rtY115F	19	4	15
prQ58E	18	17	1
prM46I	18	15	3
rtK70E	16	4	12
rtK219Q	15	4	11
rtT215Y	15	3	12
inE92G	13	13	0
rtD67G	13	7	6
prL10F	12	12	0
rtV75I	12	9	3
rtL74I	12	1	11
rtL100I	12	0	12
prD30N	10	10	0
prK43T	10	6	4
prM46L	9	9	0
rtK219R	9	6	3
rtV106M	9	5	4
rtK238T	9	3	6
rtA62V	9	2	7
rtG190S	9	1	8
prK20T	8	6	2
inG163R	8	5	3
rtV179E	8	5	3
rtK103S	8	4	4
rtL210W	8	2	6
rtG190E	7	6	1
inQ95K	7	5	2
rtY181I	6	4	2
rtK70T	6	2	4
rtK70Q	6	1	5
rtM230L	6	0	6
rtK70N	5	5	0
rtT215S	5	5	0
rtK103T	5	4	1
rtY188L	5	4	1
prL24I	5	3	2
rtE138Q	5	3	2
rtT215I	5	3	2
rtV106A	5	1	4
rtT215V	5	0	5
rtK101P	4	4	0
inG163K	4	3	1
prG48A	4	2	2
rtF227L	4	1	3
rtY318F	4	0	4
prF53L	3	3	0
prG73T	3	3	0
rtM230I	3	3	0
rtL74V	3	2	1
rtD67T	3	1	2
rtT69D	3	0	3
prI54V	2	2	0
prL89V	2	2	0
rtT215A	2	2	0
rtT69G	2	2	0
rtV179L	2	2	0
rtV75A	2	2	0
inE138K	2	1	1
inS147G	2	1	1
prI47A	2	1	1
prI47V	2	1	1
rtK219N	2	1	1
rtL234I	2	1	1
rtV75M	2	1	1
rtY188C	2	1	1
rtK101H	2	0	2
rtK238N	2	0	2
inH51Y	1	1	0
inN155T	1	1	0
inQ148R	1	1	0
prI50L	1	1	0
prL23I	1	1	0
prN83D	1	1	0
prV82A	1	1	0
prV82L	1	1	0
rtK65E	1	1	0
rtT215E	1	1	0
rtT215L	1	1	0
rtY181F	1	1	0
rtY188H	1	1	0
inR263K	1	0	1
prV82M	1	0	1
rtD67E	1	0	1
rtD67S	1	0	1
rtG190Q	1	0	1
